1.00000000 1.00000000 2.87097588E+003
1.10000000 1.10000000 1.93065504E+003
1.20000000 1.20000000 9.91305336E+002
1.30000000 1.30000000 9.84146151E+001
1.40000000 1.40000000 -7.13614315E+002
1.50000000 1.50000000 -1.42020226E+003
1.60000000 1.60000000 -2.00539299E+003
1.70000000 1.70000000 -2.46071328E+003
1.80000000 1.80000000 -2.78409372E+003
1.90000000 1.90000000 -2.97885022E+003
2.00000000 2.00000000 -3.05272629E+003
2.10000000 2.10000000 -3.01699596E+003
2.20000000 2.20000000 -2.88562755E+003
2.30000000 2.30000000 -2.67450804E+003
2.40000000 2.40000000 -2.40072829E+003
2.50000000 2.50000000 -2.08192890E+003
2.60000000 2.60000000 -1.73570684E+003
2.70000000 2.70000000 -1.37908280E+003
2.80000000 2.80000000 -1.02802927E+003
2.90000000 2.90000000 -6.97059339E+002
3.00000000 3.00000000 -3.98876227E+002
3.10000000 3.10000000 -1.44083573E+002
3.20000000 3.20000000 5.90435947E+001
3.30000000 3.30000000 2.04727126E+002
3.40000000 3.40000000 2.89793301E+002
3.50000000 3.50000000 3.13719652E+002
3.60000000 3.60000000 2.78621051E+002
3.70000000 3.70000000 1.89175078E+002
3.80000000 3.80000000 5.24866486E+001
3.90000000 3.90000000 -1.22108073E+002
4.00000000 4.00000000 -3.23298504E+002
4.10000000 4.10000000 -5.38117190E+002
4.20000000 4.20000000 -7.52318089E+002
4.30000000 4.30000000 -9.50815579E+002
4.40000000 4.40000000 -1.11818420E+003
4.50000000 4.50000000 -1.23921911E+003
4.60000000 4.60000000 -1.29955730E+003
4.70000000 4.70000000 -1.28635951E+003
4.80000000 4.80000000 -1.18905286E+003
4.90000000 4.90000000 -1.00013426E+003
5.00000000 5.00000000 -7.16034531E+002
5.10000000 5.10000000 -3.38043205E+002
5.20000000 5.20000000 1.26705876E+002
5.30000000 5.30000000 6.64188276E+002
5.40000000 5.40000000 1.25238193E+003
5.50000000 5.50000000 1.86009941E+003
5.60000000 5.60000000 2.44575940E+003
5.70000000 5.70000000 2.95609754E+003
5.80000000 5.80000000 3.32481643E+003
5.90000000 5.90000000 3.47117500E+003
6.00000000 6.00000000 3.29851710E+003
6.10000000 6.10000000 2.75013662E+003
6.20000000 6.20000000 1.96405289E+003
6.30000000 6.30000000 1.09432848E+003
6.40000000 6.40000000 2.60943008E+002
6.50000000 6.50000000 -4.45520748E+002
6.60000000 6.60000000 -9.59482708E+002
6.70000000 6.70000000 -1.23626349E+003
6.80000000 6.80000000 -1.24827442E+003
6.90000000 6.90000000 -9.81499613E+002
7.00000000 7.00000000 -4.32270134E+002
7.10000000 7.10000000 3.95669832E+002
7.20000000 7.20000000 1.49380470E+003
7.30000000 7.30000000 2.85119720E+003
7.40000000 7.40000000 4.45654596E+003
7.50000000 7.50000000 6.29995112E+003
7.60000000 7.60000000 8.37438781E+003
7.70000000 7.70000000 1.06768876E+004
7.80000000 7.80000000 1.32094280E+004
7.90000000 7.90000000 1.59795297E+004
8.00000000 8.00000000 1.90005617E+004
8.10000000 8.10000000 2.22917548E+004
8.20000000 8.20000000 2.58779227E+004
8.30000000 8.30000000 2.97888911E+004
8.40000000 8.40000000 3.40586346E+004
8.50000000 8.50000000 3.87241218E+004
8.60000000 8.60000000 4.38238683E+004
8.70000000 8.70000000 4.93961975E+004
8.80000000 8.80000000 5.54772093E+004
8.90000000 8.90000000 6.20984573E+004
9.00000000 9.00000000 6.92843327E+004
9.10000000 9.10000000 7.70491579E+004
9.20000000 9.20000000 8.53939862E+004
9.30000000 9.30000000 9.43031111E+004
9.40000000 9.40000000 1.03740282E+005
9.50000000 9.50000000 1.13644630E+005
9.60000000 9.60000000 1.23926297E+005
9.70000000 9.70000000 1.34461781E+005
9.80000000 9.80000000 1.45088980E+005
9.90000000 9.90000000 1.55601950E+005
10.00000000 10.00000000 1.65745370E+005
10.10000000 10.10000000 1.75208710E+005
10.20000000 10.20000000 1.83620117E+005
10.30000000 10.30000000 1.90539999E+005
10.40000000 10.40000000 1.95454322E+005
10.50000000 10.50000000 1.97767612E+005
10.60000000 10.60000000 1.96795671E+005
10.70000000 10.70000000 1.91757991E+005
10.80000000 10.80000000 1.81769888E+005
10.90000000 10.90000000 1.65834333E+005
11.00000000 11.00000000 1.42833496E+005
