1.00000000 1.00000000 5.43656366E+000
1.10000000 1.10000000 6.00833205E+000
1.20000000 1.20000000 6.64023385E+000
1.30000000 1.30000000 7.33859334E+000
1.40000000 1.40000000 8.11039993E+000
1.50000000 1.50000000 8.96337814E+000
1.60000000 1.60000000 9.90606485E+000
1.70000000 1.70000000 1.09478948E+001
1.80000000 1.80000000 1.20992949E+001
1.90000000 1.90000000 1.33717889E+001
2.00000000 2.00000000 1.47781122E+001
2.10000000 2.10000000 1.63323398E+001
2.20000000 2.20000000 1.80500270E+001
2.30000000 2.30000000 1.99483649E+001
2.40000000 2.40000000 2.20463528E+001
2.50000000 2.50000000 2.43649879E+001
2.60000000 2.60000000 2.69274761E+001
2.70000000 2.70000000 2.97594634E+001
2.80000000 2.80000000 3.28892935E+001
2.90000000 2.90000000 3.63482907E+001
3.00000000 3.00000000 4.01710738E+001
3.10000000 3.10000000 4.43959026E+001
3.20000000 3.20000000 4.90650604E+001
3.30000000 3.30000000 5.42252778E+001
3.40000000 3.40000000 5.99282001E+001
3.50000000 3.50000000 6.62309039E+001
3.60000000 3.60000000 7.31964689E+001
3.70000000 3.70000000 8.08946087E+001
3.80000000 3.80000000 8.94023690E+001
3.90000000 3.90000000 9.88048982E+001
4.00000000 4.00000000 1.09196300E+002
4.10000000 4.10000000 1.20680575E+002
4.20000000 4.20000000 1.33372662E+002
4.30000000 4.30000000 1.47399587E+002
4.40000000 4.40000000 1.62901737E+002
4.50000000 4.50000000 1.80034263E+002
4.60000000 4.60000000 1.98968631E+002
4.70000000 4.70000000 2.19894345E+002
4.80000000 4.80000000 2.43020835E+002
4.90000000 4.90000000 2.68579559E+002
5.00000000 5.00000000 2.96826318E+002
5.10000000 5.10000000 3.28043815E+002
5.20000000 5.20000000 3.62544484E+002
5.30000000 5.30000000 4.00673620E+002
5.40000000 5.40000000 4.42812832E+002
5.50000000 5.50000000 4.89383865E+002
5.60000000 5.60000000 5.40852815E+002
5.70000000 5.70000000 5.97734802E+002
5.80000000 5.80000000 6.60599120E+002
5.90000000 5.90000000 7.30074936E+002
6.00000000 6.00000000 8.06857587E+002
6.10000000 6.10000000 8.91715540E+002
6.20000000 6.20000000 9.85498082E+002
6.30000000 6.30000000 1.08914382E+003
6.40000000 6.40000000 1.20369008E+003
6.50000000 6.50000000 1.33028327E+003
6.60000000 6.60000000 1.47019038E+003
6.70000000 6.70000000 1.62481165E+003
6.80000000 6.80000000 1.79569458E+003
6.90000000 6.90000000 1.98454943E+003
7.00000000 7.00000000 2.19326632E+003
7.10000000 7.10000000 2.42393415E+003
7.20000000 7.20000000 2.67886153E+003
7.30000000 7.30000000 2.96059986E+003
7.40000000 7.40000000 3.27196886E+003
7.50000000 7.50000000 3.61608483E+003
7.60000000 7.60000000 3.99639179E+003
7.70000000 7.70000000 4.41669598E+003
7.80000000 7.80000000 4.88120396E+003
7.90000000 7.90000000 5.39456466E+003
8.00000000 8.00000000 5.96191597E+003
8.10000000 8.10000000 6.58893615E+003
8.20000000 8.20000000 7.28190061E+003
8.30000000 8.30000000 8.04774479E+003
8.40000000 8.40000000 8.89413350E+003
8.50000000 8.50000000 9.82953768E+003
8.60000000 8.60000000 1.08633192E+004
8.70000000 8.70000000 1.20058244E+004
8.80000000 8.80000000 1.32684880E+004
8.90000000 8.90000000 1.46639471E+004
9.00000000 9.00000000 1.62061679E+004
9.10000000 9.10000000 1.79105854E+004
9.20000000 9.20000000 1.97942581E+004
9.30000000 9.30000000 2.18760384E+004
9.40000000 9.40000000 2.41767615E+004
9.50000000 9.50000000 2.67194537E+004
9.60000000 9.60000000 2.95295631E+004
9.70000000 9.70000000 3.26352144E+004
9.80000000 9.80000000 3.60674899E+004
9.90000000 9.90000000 3.98607409E+004
10.00000000 10.00000000 4.40529316E+004
10.10000000 10.10000000 4.86860188E+004
10.20000000 10.20000000 5.38063721E+004
10.30000000 10.30000000 5.94652377E+004
10.40000000 10.40000000 6.57192513E+004
10.50000000 10.50000000 7.26310053E+004
10.60000000 10.60000000 8.02696749E+004
10.70000000 10.70000000 8.87117103E+004
10.80000000 10.80000000 9.80416023E+004
10.90000000 10.90000000 1.08352728E+005
11.00000000 11.00000000 1.19748283E+005
