1.00000000 1.00000000 5.43656366E+000
1.10000000 1.10000000 7.86833727E+000
1.20000000 1.20000000 1.03001109E+001
1.30000000 1.30000000 1.27318845E+001
1.40000000 1.40000000 1.51636581E+001
1.50000000 1.50000000 1.75954317E+001
1.60000000 1.60000000 2.00272053E+001
1.70000000 1.70000000 2.24589789E+001
1.80000000 1.80000000 2.48907525E+001
1.90000000 1.90000000 2.73225262E+001
2.00000000 2.00000000 2.97542998E+001
2.10000000 2.10000000 3.21860734E+001
2.20000000 2.20000000 3.46178470E+001
2.30000000 2.30000000 3.70496206E+001
2.40000000 2.40000000 3.94813942E+001
2.50000000 2.50000000 4.19131678E+001
2.60000000 2.60000000 4.43449414E+001
2.70000000 2.70000000 4.67767150E+001
2.80000000 2.80000000 4.92084886E+001
2.90000000 2.90000000 5.16402623E+001
3.00000000 3.00000000 5.40720359E+001
3.10000000 3.10000000 5.65038095E+001
3.20000000 3.20000000 5.89355831E+001
3.30000000 3.30000000 6.13673567E+001
3.40000000 3.40000000 6.37991303E+001
3.50000000 3.50000000 6.62309039E+001
3.60000000 3.60000000 9.58559712E+001
3.70000000 3.70000000 1.25481039E+002
3.80000000 3.80000000 1.55106106E+002
3.90000000 3.90000000 1.84731173E+002
4.00000000 4.00000000 2.14356241E+002
4.10000000 4.10000000 2.43981308E+002
4.20000000 4.20000000 2.73606375E+002
4.30000000 4.30000000 3.03231442E+002
4.40000000 4.40000000 3.32856510E+002
4.50000000 4.50000000 3.62481577E+002
4.60000000 4.60000000 3.92106644E+002
4.70000000 4.70000000 4.21731712E+002
4.80000000 4.80000000 4.51356779E+002
4.90000000 4.90000000 4.80981846E+002
5.00000000 5.00000000 5.10606914E+002
5.10000000 5.10000000 5.40231981E+002
5.20000000 5.20000000 5.69857048E+002
5.30000000 5.30000000 5.99482116E+002
5.40000000 5.40000000 6.29107183E+002
5.50000000 5.50000000 6.58732250E+002
5.60000000 5.60000000 6.88357318E+002
5.70000000 5.70000000 7.17982385E+002
5.80000000 5.80000000 7.47607452E+002
5.90000000 5.90000000 7.77232520E+002
6.00000000 6.00000000 8.06857587E+002
6.10000000 6.10000000 1.16776479E+003
6.20000000 6.20000000 1.52867199E+003
6.30000000 6.30000000 1.88957920E+003
6.40000000 6.40000000 2.25048640E+003
6.50000000 6.50000000 2.61139361E+003
6.60000000 6.60000000 2.97230081E+003
6.70000000 6.70000000 3.33320801E+003
6.80000000 6.80000000 3.69411522E+003
6.90000000 6.90000000 4.05502242E+003
7.00000000 7.00000000 4.41592962E+003
7.10000000 7.10000000 4.77683683E+003
7.20000000 7.20000000 5.13774403E+003
7.30000000 7.30000000 5.49865124E+003
7.40000000 7.40000000 5.85955844E+003
7.50000000 7.50000000 6.22046564E+003
7.60000000 7.60000000 6.58137285E+003
7.70000000 7.70000000 6.94228005E+003
7.80000000 7.80000000 7.30318725E+003
7.90000000 7.90000000 7.66409446E+003
8.00000000 8.00000000 8.02500166E+003
8.10000000 8.10000000 8.38590887E+003
8.20000000 8.20000000 8.74681607E+003
8.30000000 8.30000000 9.10772327E+003
8.40000000 8.40000000 9.46863048E+003
8.50000000 8.50000000 9.82953768E+003
8.60000000 8.60000000 1.42262875E+004
8.70000000 8.70000000 1.86230373E+004
8.80000000 8.80000000 2.30197872E+004
8.90000000 8.90000000 2.74165370E+004
9.00000000 9.00000000 3.18132868E+004
9.10000000 9.10000000 3.62100367E+004
9.20000000 9.20000000 4.06067865E+004
9.30000000 9.30000000 4.50035363E+004
9.40000000 9.40000000 4.94002862E+004
9.50000000 9.50000000 5.37970360E+004
9.60000000 9.60000000 5.81937858E+004
9.70000000 9.70000000 6.25905356E+004
9.80000000 9.80000000 6.69872855E+004
9.90000000 9.90000000 7.13840353E+004
10.00000000 10.00000000 7.57807851E+004
10.10000000 10.10000000 8.01775350E+004
10.20000000 10.20000000 8.45742848E+004
10.30000000 10.30000000 8.89710346E+004
10.40000000 10.40000000 9.33677845E+004
10.50000000 10.50000000 9.77645343E+004
10.60000000 10.60000000 1.02161284E+005
10.70000000 10.70000000 1.06558034E+005
10.80000000 10.80000000 1.10954784E+005
10.90000000 10.90000000 1.15351534E+005
11.00000000 11.00000000 1.19748283E+005
