1.00000000 1.00000000 4.54648713E-001
1.10000000 1.10000000 3.74023076E-001
1.20000000 1.20000000 2.98756156E-001
1.30000000 1.30000000 2.28847953E-001
1.40000000 1.40000000 1.64298467E-001
1.50000000 1.50000000 1.05107699E-001
1.60000000 1.60000000 5.12756481E-002
1.70000000 1.70000000 2.80231447E-003
1.80000000 1.80000000 -4.03123019E-002
1.90000000 1.90000000 -7.80682010E-002
2.00000000 2.00000000 -1.10465383E-001
2.10000000 2.10000000 -1.37503847E-001
2.20000000 2.20000000 -1.59183594E-001
2.30000000 2.30000000 -1.75504624E-001
2.40000000 2.40000000 -1.86466937E-001
2.50000000 2.50000000 -1.92070532E-001
2.60000000 2.60000000 -1.92315410E-001
2.70000000 2.70000000 -1.87201571E-001
2.80000000 2.80000000 -1.76729014E-001
2.90000000 2.90000000 -1.60897740E-001
3.00000000 3.00000000 -1.39707749E-001
3.10000000 3.10000000 -7.97717532E-002
3.20000000 3.20000000 -2.68411401E-002
3.30000000 3.30000000 1.90840902E-002
3.40000000 3.40000000 5.80039378E-002
3.50000000 3.50000000 8.99184027E-002
3.60000000 3.60000000 1.14827485E-001
3.70000000 3.70000000 1.32731184E-001
3.80000000 3.80000000 1.43629501E-001
3.90000000 3.90000000 1.47522434E-001
4.00000000 4.00000000 1.44409986E-001
4.10000000 4.10000000 1.34292154E-001
4.20000000 4.20000000 1.17168939E-001
4.30000000 4.30000000 9.30403422E-002
4.40000000 4.40000000 6.19063622E-002
4.50000000 4.50000000 2.37669995E-002
4.60000000 4.60000000 -2.13777460E-002
4.70000000 4.70000000 -7.35278742E-002
4.80000000 4.80000000 -1.32683385E-001
4.90000000 4.90000000 -1.98844279E-001
5.00000000 5.00000000 -2.72010555E-001
5.10000000 5.10000000 -2.69738481E-001
5.20000000 5.20000000 -2.63667076E-001
5.30000000 5.30000000 -2.53796341E-001
5.40000000 5.40000000 -2.40126275E-001
5.50000000 5.50000000 -2.22656880E-001
5.60000000 5.60000000 -2.01388154E-001
5.70000000 5.70000000 -1.76320098E-001
5.80000000 5.80000000 -1.47452712E-001
5.90000000 5.90000000 -1.14785995E-001
6.00000000 6.00000000 -7.83199489E-002
6.10000000 6.10000000 -3.80545721E-002
6.20000000 6.20000000 6.01013483E-003
6.30000000 6.30000000 5.38741720E-002
6.40000000 6.40000000 1.05537539E-001
6.50000000 6.50000000 1.61000237E-001
6.60000000 6.60000000 2.20262265E-001
6.70000000 6.70000000 2.83323623E-001
6.80000000 6.80000000 3.50184311E-001
6.90000000 6.90000000 4.20844329E-001
7.00000000 7.00000000 4.95303678E-001
7.10000000 7.10000000 4.32397428E-001
7.20000000 7.20000000 3.71529744E-001
7.30000000 7.30000000 3.12700628E-001
7.40000000 7.40000000 2.55910078E-001
7.50000000 7.50000000 2.01158095E-001
7.60000000 7.60000000 1.48444680E-001
7.70000000 7.70000000 9.77698305E-002
7.80000000 7.80000000 4.91335483E-002
7.90000000 7.90000000 2.53583294E-003
8.00000000 8.00000000 -4.20233156E-002
8.10000000 8.10000000 -8.45438972E-002
8.20000000 8.20000000 -1.25025912E-001
8.30000000 8.30000000 -1.63469360E-001
8.40000000 8.40000000 -1.99874241E-001
8.50000000 8.50000000 -2.34240555E-001
8.60000000 8.60000000 -2.66568303E-001
8.70000000 8.70000000 -2.96857483E-001
8.80000000 8.80000000 -3.25108097E-001
8.90000000 8.90000000 -3.51320143E-001
9.00000000 9.00000000 -3.75493623E-001
9.10000000 9.10000000 -2.95529160E-001
9.20000000 9.20000000 -2.22029019E-001
9.30000000 9.30000000 -1.54993201E-001
9.40000000 9.40000000 -9.44217050E-002
9.50000000 9.50000000 -4.03145321E-002
9.60000000 9.60000000 7.32831828E-003
9.70000000 9.70000000 4.85068460E-002
9.80000000 9.80000000 8.32210510E-002
9.90000000 9.90000000 1.11470933E-001
10.00000000 10.00000000 1.33256493E-001
10.10000000 10.10000000 1.48577730E-001
10.20000000 10.20000000 1.57434645E-001
10.30000000 10.30000000 1.59827237E-001
10.40000000 10.40000000 1.55755506E-001
10.50000000 10.50000000 1.45219452E-001
10.60000000 10.60000000 1.28219076E-001
10.70000000 10.70000000 1.04754377E-001
10.80000000 10.80000000 7.48253561E-002
10.90000000 10.90000000 3.84320120E-002
11.00000000 11.00000000 -4.42565465E-003
