1.00000000 1.00000000 5.18745039E-001
1.10000000 1.10000000 4.07379425E-001
1.20000000 1.20000000 2.96827509E-001
1.30000000 1.30000000 1.90688253E-001
1.40000000 1.40000000 9.18335673E-002
1.50000000 1.50000000 2.47471983E-003
1.60000000 1.60000000 -7.57737699E-002
1.70000000 1.70000000 -1.41832742E-001
1.80000000 1.80000000 -1.95099516E-001
1.90000000 1.90000000 -2.35391518E-001
2.00000000 2.00000000 -2.62892419E-001
2.10000000 2.10000000 -2.78100776E-001
2.20000000 2.20000000 -2.81781187E-001
2.30000000 2.30000000 -2.74917949E-001
2.40000000 2.40000000 -2.58671230E-001
2.50000000 2.50000000 -2.34335741E-001
2.60000000 2.60000000 -2.03301924E-001
2.70000000 2.70000000 -1.67019646E-001
2.80000000 2.80000000 -1.26964396E-001
2.90000000 2.90000000 -8.46059970E-002
3.00000000 3.00000000 -4.13798224E-002
3.10000000 3.10000000 1.33947828E-003
3.20000000 3.20000000 4.22617461E-002
3.30000000 3.30000000 8.02025712E-002
3.40000000 3.40000000 1.14102043E-001
3.50000000 3.50000000 1.43040992E-001
3.60000000 3.60000000 1.66254724E-001
3.70000000 3.70000000 1.83144247E-001
3.80000000 3.80000000 1.93284988E-001
3.90000000 3.90000000 1.96433001E-001
4.00000000 4.00000000 1.92528673E-001
4.10000000 4.10000000 1.81697913E-001
4.20000000 4.20000000 1.64250840E-001
4.30000000 4.30000000 1.40677958E-001
4.40000000 4.40000000 1.11643828E-001
4.50000000 4.50000000 7.79782269E-002
4.60000000 4.60000000 4.06647997E-002
4.70000000 4.70000000 8.27206320E-004
4.80000000 4.80000000 -4.02872431E-002
4.90000000 4.90000000 -8.13264594E-002
5.00000000 5.00000000 -1.20854954E-001
5.10000000 5.10000000 -1.57377728E-001
5.20000000 5.20000000 -1.89366664E-001
5.30000000 5.30000000 -2.15289436E-001
5.40000000 5.40000000 -2.33640916E-001
5.50000000 5.50000000 -2.42977099E-001
5.60000000 5.60000000 -2.41951527E-001
5.70000000 5.70000000 -2.29354229E-001
5.80000000 5.80000000 -2.04153162E-001
5.90000000 5.90000000 -1.65538168E-001
6.00000000 6.00000000 -1.12967432E-001
6.10000000 6.10000000 -5.21579307E-002
6.20000000 6.20000000 8.82838821E-003
6.30000000 6.30000000 6.72254905E-002
6.40000000 6.40000000 1.20815633E-001
6.50000000 6.50000000 1.67882642E-001
6.60000000 6.60000000 2.07166679E-001
6.70000000 6.70000000 2.37820488E-001
6.80000000 6.80000000 2.59367127E-001
6.90000000 6.90000000 2.71659192E-001
7.00000000 7.00000000 2.74839518E-001
7.10000000 7.10000000 2.69303364E-001
7.20000000 7.20000000 2.55662092E-001
7.30000000 7.30000000 2.34708323E-001
7.40000000 7.40000000 2.07382579E-001
7.50000000 7.50000000 1.74741412E-001
7.60000000 7.60000000 1.37927017E-001
7.70000000 7.70000000 9.81383328E-002
7.80000000 7.80000000 5.66036184E-002
7.90000000 7.90000000 1.45545268E-002
8.00000000 8.00000000 -2.67983450E-002
8.10000000 8.10000000 -6.62884179E-002
8.20000000 8.20000000 -1.02814608E-001
8.30000000 8.30000000 -1.35361321E-001
8.40000000 8.40000000 -1.63016955E-001
8.50000000 8.50000000 -1.84990929E-001
8.60000000 8.60000000 -2.00629218E-001
8.70000000 8.70000000 -2.09428405E-001
8.80000000 8.80000000 -2.11048251E-001
8.90000000 8.90000000 -2.05322778E-001
9.00000000 9.00000000 -1.92269864E-001
9.10000000 9.10000000 -1.72099360E-001
9.20000000 9.20000000 -1.45219718E-001
9.30000000 9.30000000 -1.12243131E-001
9.40000000 9.40000000 -7.39891966E-002
9.50000000 9.50000000 -3.14870859E-002
9.60000000 9.60000000 1.40237649E-002
9.70000000 9.70000000 6.10944519E-002
9.80000000 9.80000000 1.08068884E-001
9.90000000 9.90000000 1.53087550E-001
10.00000000 10.00000000 1.94092768E-001
10.10000000 10.10000000 2.28835422E-001
10.20000000 10.20000000 2.54883184E-001
10.30000000 10.30000000 2.69630219E-001
10.40000000 10.40000000 2.70308372E-001
10.50000000 10.50000000 2.53999849E-001
10.60000000 10.60000000 2.17651377E-001
10.70000000 10.70000000 1.58089843E-001
10.80000000 10.80000000 7.20394319E-002
10.90000000 10.90000000 -4.38597617E-002
11.00000000 11.00000000 -1.93031634E-001
