1.00000000 1.00000000 2.00000000E+000
1.70149177 1.70149177 6.20895062E+000
2.16304527 2.16304527 9.63045267E+000
2.51427778 2.51427778 1.31427778E+001
2.82116872 2.82116872 1.62116872E+001
3.11111111 3.11111111 1.95555556E+001
3.40000000 3.40000000 2.36000000E+001
3.68888889 3.68888889 2.76444444E+001
3.97777778 3.97777778 3.16888889E+001
4.26666667 4.26666667 3.68000000E+001
4.55555556 4.55555556 4.20000000E+001
4.84444444 4.84444444 4.72000000E+001
5.13333333 5.13333333 5.29333333E+001
5.42222222 5.42222222 5.92888889E+001
5.71111111 5.71111111 6.56444444E+001
6.00000000 6.00000000 7.20000000E+001
6.28888889 6.28888889 7.95111111E+001
6.57777778 6.57777778 8.70222222E+001
6.86666667 6.86666667 9.45333333E+001
7.15555556 7.15555556 1.02666667E+002
7.44444444 7.44444444 1.11333333E+002
7.73333333 7.73333333 1.20000000E+002
8.02222222 8.02222222 1.28755556E+002
8.31111111 8.31111111 1.38577778E+002
8.60000000 8.60000000 1.48400000E+002
8.88888889 8.88888889 1.58222222E+002
9.17883128 9.17883128 1.68795588E+002
9.48572222 9.48572222 1.80457444E+002
9.83695473 9.83695473 1.93804280E+002
10.29850823 10.29850823 2.12537346E+002
11.00000000 11.00000000 2.42000000E+002
