1.00000000 1.00000000 2.00000000E+000
1.70149177 1.70149177 6.53930041E+000
2.16304527 2.16304527 1.01188477E+001
2.51427778 2.51427778 1.32691111E+001
2.82116872 2.82116872 1.63932840E+001
3.11111111 3.11111111 1.98137860E+001
3.40000000 3.40000000 2.36764444E+001
3.68888889 3.68888889 2.78896296E+001
3.97777778 3.97777778 3.23674074E+001
4.26666667 4.26666667 3.70955556E+001
4.55555556 4.55555556 4.20823045E+001
4.84444444 4.84444444 4.74031029E+001
5.13333333 5.13333333 5.31626667E+001
5.42222222 5.42222222 5.93672510E+001
5.71111111 5.71111111 6.59140741E+001
6.00000000 6.00000000 7.27222222E+001
6.28888889 6.28888889 7.97807407E+001
6.57777778 6.57777778 8.71005844E+001
6.86666667 6.86666667 9.47626667E+001
7.15555556 7.15555556 1.02869770E+002
7.44444444 7.44444444 1.11415638E+002
7.73333333 7.73333333 1.20295556E+002
8.02222222 8.02222222 1.29434074E+002
8.31111111 8.31111111 1.38822963E+002
8.60000000 8.60000000 1.48476444E+002
8.88888889 8.88888889 1.58480453E+002
9.17883128 9.17883128 1.68977185E+002
9.48572222 9.48572222 1.80583778E+002
9.83695473 9.83695473 1.94292675E+002
10.29850823 10.29850823 2.12867695E+002
11.00000000 11.00000000 2.42000000E+002
