1.00000000 1.00000000 2.00000000E+000
1.70149177 1.70149177 5.79014848E+000
2.16304527 2.16304527 9.35752966E+000
2.51427778 2.51427778 1.26431855E+001
2.82116872 2.82116872 1.59179859E+001
3.11111111 3.11111111 1.93580247E+001
3.40000000 3.40000000 2.31200000E+001
3.68888889 3.68888889 2.72158025E+001
3.97777778 3.97777778 3.16454321E+001
4.26666667 4.26666667 3.64088889E+001
4.55555556 4.55555556 4.15061728E+001
4.84444444 4.84444444 4.69372840E+001
5.13333333 5.13333333 5.27022222E+001
5.42222222 5.42222222 5.88009877E+001
5.71111111 5.71111111 6.52335802E+001
6.00000000 6.00000000 7.20000000E+001
6.28888889 6.28888889 7.91002469E+001
6.57777778 6.57777778 8.65343210E+001
6.86666667 6.86666667 9.43022222E+001
7.15555556 7.15555556 1.02403951E+002
7.44444444 7.44444444 1.10839506E+002
7.73333333 7.73333333 1.19608889E+002
8.02222222 8.02222222 1.28712099E+002
8.31111111 8.31111111 1.38149136E+002
8.60000000 8.60000000 1.47920000E+002
8.88888889 8.88888889 1.58024691E+002
9.17883128 9.17883128 1.68501887E+002
9.48572222 9.48572222 1.79957852E+002
9.83695473 9.83695473 1.93531357E+002
10.29850823 10.29850823 2.12118544E+002
11.00000000 11.00000000 2.42000000E+002
