1.00000000 1.00000000 4.54648713E-001
1.10000000 1.10000000 3.77182246E-001
1.20000000 1.20000000 2.98418328E-001
1.30000000 1.30000000 2.18356959E-001
1.40000000 1.40000000 1.36998139E-001
1.50000000 1.50000000 5.43418685E-002
1.60000000 1.60000000 -2.96118531E-002
1.70000000 1.70000000 -1.14863025E-001
1.80000000 1.80000000 -2.01411649E-001
1.90000000 1.90000000 -2.89257723E-001
2.00000000 2.00000000 -3.78401248E-001
2.10000000 2.10000000 -3.94205273E-001
2.20000000 2.20000000 -4.01192992E-001
2.30000000 2.30000000 -3.99364406E-001
2.40000000 2.40000000 -3.88719515E-001
2.50000000 2.50000000 -3.69258318E-001
2.60000000 2.60000000 -3.40980815E-001
2.70000000 2.70000000 -3.03887007E-001
2.80000000 2.80000000 -2.57976893E-001
2.90000000 2.90000000 -2.03250474E-001
3.00000000 3.00000000 -1.39707749E-001
3.10000000 3.10000000 -4.90876917E-002
3.20000000 3.20000000 3.54920613E-002
3.30000000 3.30000000 1.14031510E-001
3.40000000 3.40000000 1.86530654E-001
3.50000000 3.50000000 2.52989493E-001
3.60000000 3.60000000 3.13408028E-001
3.70000000 3.70000000 3.67786259E-001
3.80000000 3.80000000 4.16124185E-001
3.90000000 3.90000000 4.58421806E-001
4.00000000 4.00000000 4.94679123E-001
4.10000000 4.10000000 4.35060648E-001
4.20000000 4.20000000 3.71653174E-001
4.30000000 4.30000000 3.04456702E-001
4.40000000 4.40000000 2.33471232E-001
4.50000000 4.50000000 1.58696763E-001
4.60000000 4.60000000 8.01332962E-002
4.70000000 4.70000000 -2.21916917E-003
4.80000000 4.80000000 -8.83606329E-002
4.90000000 4.90000000 -1.78291095E-001
5.00000000 5.00000000 -2.72010555E-001
5.10000000 5.10000000 -3.13010533E-001
5.20000000 5.20000000 -3.44816647E-001
5.30000000 5.30000000 -3.67428897E-001
5.40000000 5.40000000 -3.80847283E-001
5.50000000 5.50000000 -3.85071805E-001
5.60000000 5.60000000 -3.80102464E-001
5.70000000 5.70000000 -3.65939258E-001
5.80000000 5.80000000 -3.42582189E-001
5.90000000 5.90000000 -3.10031256E-001
6.00000000 6.00000000 -2.68286459E-001
6.10000000 6.10000000 -1.74543962E-001
6.20000000 6.20000000 -8.46644608E-002
6.30000000 6.30000000 1.35204383E-003
6.40000000 6.40000000 8.35055521E-002
6.50000000 6.50000000 1.61796064E-001
6.60000000 6.60000000 2.36223579E-001
6.70000000 6.70000000 3.06788099E-001
6.80000000 6.80000000 3.73489621E-001
6.90000000 6.90000000 4.36328148E-001
7.00000000 7.00000000 4.95303678E-001
7.10000000 7.10000000 4.58282368E-001
7.20000000 7.20000000 4.15282342E-001
7.30000000 7.30000000 3.66303599E-001
7.40000000 7.40000000 3.11346140E-001
7.50000000 7.50000000 2.50409965E-001
7.60000000 7.60000000 1.83495073E-001
7.70000000 7.70000000 1.10601465E-001
7.80000000 7.80000000 3.17291402E-002
7.90000000 7.90000000 -5.31219009E-002
8.00000000 8.00000000 -1.43951658E-001
8.10000000 8.10000000 -2.06881554E-001
8.20000000 8.20000000 -2.60972405E-001
8.30000000 8.30000000 -3.06224212E-001
8.40000000 8.40000000 -3.42636975E-001
8.50000000 8.50000000 -3.70210693E-001
8.60000000 8.60000000 -3.88945368E-001
8.70000000 8.70000000 -3.98840998E-001
8.80000000 8.80000000 -3.99897584E-001
8.90000000 8.90000000 -3.92115126E-001
9.00000000 9.00000000 -3.75493623E-001
9.10000000 9.10000000 -2.86096160E-001
9.20000000 9.20000000 -1.98076660E-001
9.30000000 9.30000000 -1.11435125E-001
9.40000000 9.40000000 -2.61715540E-002
9.50000000 9.50000000 5.77140529E-002
9.60000000 9.60000000 1.40221696E-001
9.70000000 9.70000000 2.21351374E-001
9.80000000 9.80000000 3.01103089E-001
9.90000000 9.90000000 3.79476839E-001
10.00000000 10.00000000 4.56472625E-001
10.10000000 10.10000000 4.44997577E-001
10.20000000 10.20000000 4.25830356E-001
10.30000000 10.30000000 3.98970962E-001
10.40000000 10.40000000 3.64419394E-001
10.50000000 10.50000000 3.22175652E-001
10.60000000 10.60000000 2.72239738E-001
10.70000000 10.70000000 2.14611650E-001
10.80000000 10.80000000 1.49291388E-001
10.90000000 10.90000000 7.62789535E-002
11.00000000 11.00000000 -4.42565465E-003
