1.00000000 1.00000000 4.54224520E-001
1.10000000 1.10000000 6.82497167E-001
1.20000000 1.20000000 5.78329319E-001
1.30000000 1.30000000 2.89423378E-001
1.40000000 1.40000000 -7.48664293E-002
1.50000000 1.50000000 -4.37645045E-001
1.60000000 1.60000000 -7.49001215E-001
1.70000000 1.70000000 -9.80945790E-001
1.80000000 1.80000000 -1.12276367E+000
1.90000000 1.90000000 -1.17677942E+000
2.00000000 2.00000000 -1.15453648E+000
2.10000000 2.10000000 -1.07339016E+000
2.20000000 2.20000000 -9.53514121E-001
2.30000000 2.30000000 -8.15320618E-001
2.40000000 2.40000000 -6.77294389E-001
2.50000000 2.50000000 -5.54240160E-001
2.60000000 2.60000000 -4.55943826E-001
2.70000000 2.70000000 -3.86247283E-001
2.80000000 2.80000000 -3.42536910E-001
2.90000000 2.90000000 -3.15645712E-001
3.00000000 3.00000000 -2.90169104E-001
3.10000000 3.10000000 -2.45194361E-001
3.20000000 3.20000000 -1.55443717E-001
3.30000000 3.30000000 7.16888587E-003
3.40000000 3.40000000 2.71567391E-001
3.50000000 3.50000000 6.65129568E-001
3.60000000 3.60000000 1.10648867E+000
3.70000000 3.70000000 1.47745430E+000
3.80000000 3.80000000 1.75543073E+000
3.90000000 3.90000000 1.92743982E+000
4.00000000 4.00000000 1.98876541E+000
4.10000000 4.10000000 1.94166227E+000
4.20000000 4.20000000 1.79412948E+000
4.30000000 4.30000000 1.55874848E+000
4.40000000 4.40000000 1.25158549E+000
4.50000000 4.50000000 8.91158597E-001
4.60000000 4.60000000 4.97469272E-001
4.70000000 4.70000000 9.10984644E-002
4.80000000 4.80000000 -3.07632789E-001
4.90000000 4.90000000 -6.79438231E-001
5.00000000 5.00000000 -1.00677672E+000
5.10000000 5.10000000 -1.27449802E+000
5.20000000 5.20000000 -1.47042413E+000
5.30000000 5.30000000 -1.58586598E+000
5.40000000 5.40000000 -1.61607568E+000
5.50000000 5.50000000 -1.56063423E+000
5.60000000 5.60000000 -1.42377467E+000
5.70000000 5.70000000 -1.21464074E+000
5.80000000 5.80000000 -9.47480984E-001
5.90000000 5.90000000 -6.41778324E-001
6.00000000 6.00000000 -3.22315149E-001
6.10000000 6.10000000 -3.47873791E-002
6.20000000 6.20000000 1.99254625E-001
6.30000000 6.30000000 3.86901830E-001
6.40000000 6.40000000 5.34644527E-001
6.50000000 6.50000000 6.48254037E-001
6.60000000 6.60000000 7.32696223E-001
6.70000000 6.70000000 7.92076810E-001
6.80000000 6.80000000 8.29618508E-001
6.90000000 6.90000000 8.47669951E-001
7.00000000 7.00000000 8.47746429E-001
7.10000000 7.10000000 8.30602444E-001
7.20000000 7.20000000 7.96336056E-001
7.30000000 7.30000000 7.44525048E-001
7.40000000 7.40000000 6.74394894E-001
7.50000000 7.50000000 5.85018533E-001
7.60000000 7.60000000 4.75547950E-001
7.70000000 7.70000000 3.45477564E-001
7.80000000 7.80000000 1.94939428E-001
7.90000000 7.90000000 2.50302273E-002
8.00000000 8.00000000 -1.61829910E-001
8.10000000 8.10000000 -3.61506795E-001
8.20000000 8.20000000 -5.67729755E-001
8.30000000 8.30000000 -7.71637406E-001
8.40000000 8.40000000 -9.61291609E-001
8.50000000 8.50000000 -1.12115963E+000
8.60000000 8.60000000 -1.21975852E+000
8.70000000 8.70000000 -1.24896359E+000
8.80000000 8.80000000 -1.22187539E+000
8.90000000 8.90000000 -1.14796156E+000
9.00000000 9.00000000 -1.03405730E+000
9.10000000 9.10000000 -8.85252234E-001
9.20000000 9.20000000 -7.05664002E-001
9.30000000 9.30000000 -4.99098270E-001
9.40000000 9.40000000 -2.69595380E-001
9.50000000 9.50000000 -2.18635359E-002
9.60000000 9.60000000 2.38401457E-001
9.70000000 9.70000000 5.04309884E-001
9.80000000 9.80000000 7.67685255E-001
9.90000000 9.90000000 1.01908489E+000
10.00000000 10.00000000 1.24793392E+000
10.10000000 10.10000000 1.44277278E+000
10.20000000 10.20000000 1.59161805E+000
10.30000000 10.30000000 1.68243688E+000
10.40000000 10.40000000 1.70373468E+000
10.50000000 10.50000000 1.64525640E+000
10.60000000 10.60000000 1.49880120E+000
10.70000000 10.70000000 1.25915050E+000
10.80000000 10.80000000 9.25109589E-001
10.90000000 10.90000000 5.00662555E-001
11.00000000 11.00000000 -3.75924903E-003
