1.00000000 1.00000000 -2.55007734E+003
1.10000000 1.10000000 -1.60032908E+003
1.20000000 1.20000000 -7.33850403E+002
1.30000000 1.30000000 5.20797022E+001
1.40000000 1.40000000 7.60182262E+002
1.50000000 1.50000000 1.39317830E+003
1.60000000 1.60000000 1.95378883E+003
1.70000000 1.70000000 2.44473489E+003
1.80000000 1.80000000 2.86873749E+003
1.90000000 1.90000000 3.22851766E+003
2.00000000 2.00000000 3.52679642E+003
2.10000000 2.10000000 3.76629479E+003
2.20000000 2.20000000 3.94973380E+003
2.30000000 2.30000000 4.07983446E+003
2.40000000 2.40000000 4.15931781E+003
2.50000000 2.50000000 4.19090486E+003
2.60000000 2.60000000 4.17731663E+003
2.70000000 2.70000000 4.12127415E+003
2.80000000 2.80000000 4.02549844E+003
2.90000000 2.90000000 3.89271052E+003
3.00000000 3.00000000 3.72563142E+003
3.10000000 3.10000000 3.52698216E+003
3.20000000 3.20000000 3.29948375E+003
3.30000000 3.30000000 3.04585723E+003
3.40000000 3.40000000 2.76882362E+003
3.50000000 3.50000000 2.47110394E+003
3.60000000 3.60000000 2.15541920E+003
3.70000000 3.70000000 1.82449044E+003
3.80000000 3.80000000 1.48103868E+003
3.90000000 3.90000000 1.12778493E+003
4.00000000 4.00000000 7.67450227E+002
4.10000000 4.10000000 4.02755586E+002
4.20000000 4.20000000 3.64220325E+001
4.30000000 4.30000000 -3.28829412E+002
4.40000000 4.40000000 -6.90277726E+002
4.50000000 4.50000000 -1.04520188E+003
4.60000000 4.60000000 -1.39088087E+003
4.70000000 4.70000000 -1.72459365E+003
4.80000000 4.80000000 -2.04361921E+003
4.90000000 4.90000000 -2.34523653E+003
5.00000000 5.00000000 -2.62672458E+003
5.10000000 5.10000000 -2.88536234E+003
5.20000000 5.20000000 -3.11842878E+003
5.30000000 5.30000000 -3.32320290E+003
5.40000000 5.40000000 -3.49696365E+003
5.50000000 5.50000000 -3.63699003E+003
5.60000000 5.60000000 -3.74056100E+003
5.70000000 5.70000000 -3.80495555E+003
5.80000000 5.80000000 -3.82745265E+003
5.90000000 5.90000000 -3.80533128E+003
6.00000000 6.00000000 -3.73587042E+003
6.10000000 6.10000000 -3.61634904E+003
6.20000000 6.20000000 -3.44404612E+003
6.30000000 6.30000000 -3.21624064E+003
6.40000000 6.40000000 -2.93021158E+003
6.50000000 6.50000000 -2.58323792E+003
6.60000000 6.60000000 -2.17259862E+003
6.70000000 6.70000000 -1.69557268E+003
6.80000000 6.80000000 -1.14943906E+003
6.90000000 6.90000000 -5.31476744E+002
7.00000000 7.00000000 1.61035289E+002
7.10000000 7.10000000 9.30818064E+002
7.20000000 7.20000000 1.78059260E+003
7.30000000 7.30000000 2.71307993E+003
7.40000000 7.40000000 3.73100106E+003
7.50000000 7.50000000 4.83707703E+003
7.60000000 7.60000000 6.03402884E+003
7.70000000 7.70000000 7.32457754E+003
7.80000000 7.80000000 8.71144414E+003
7.90000000 7.90000000 1.01973497E+004
8.00000000 8.00000000 1.17850151E+004
8.10000000 8.10000000 1.34771615E+004
8.20000000 8.20000000 1.52765100E+004
8.30000000 8.30000000 1.71857814E+004
8.40000000 8.40000000 1.92076969E+004
8.50000000 8.50000000 2.13449774E+004
8.60000000 8.60000000 2.36003440E+004
8.70000000 8.70000000 2.59765177E+004
8.80000000 8.80000000 2.84762195E+004
8.90000000 8.90000000 3.11021705E+004
9.00000000 9.00000000 3.38570916E+004
9.10000000 9.10000000 3.67437040E+004
9.20000000 9.20000000 3.97647285E+004
9.30000000 9.30000000 4.29228863E+004
9.40000000 9.40000000 4.62208984E+004
9.50000000 9.50000000 4.96614857E+004
9.60000000 9.60000000 5.32473694E+004
9.70000000 9.70000000 5.69812703E+004
9.80000000 9.80000000 6.08659096E+004
9.90000000 9.90000000 6.49040083E+004
10.00000000 10.00000000 6.90982874E+004
10.10000000 10.10000000 7.34514679E+004
10.20000000 10.20000000 7.79662709E+004
10.30000000 10.30000000 8.26454173E+004
10.40000000 10.40000000 8.74916282E+004
10.50000000 10.50000000 9.25076246E+004
10.60000000 10.60000000 9.76961276E+004
10.70000000 10.70000000 1.03059858E+005
10.80000000 10.80000000 1.08601537E+005
10.90000000 10.90000000 1.14323886E+005
11.00000000 11.00000000 1.20229625E+005
