1.00000000 1.00000000 2.00000000E+000
1.00000000 2.00000000 3.00000000E+000
1.00000000 3.00000000 4.00000000E+000
1.00000000 4.00000000 5.00000000E+000
1.00000000 5.00000000 6.00000000E+000
1.00000000 6.00000000 7.00000000E+000
1.00000000 7.00000000 8.00000000E+000
1.00000000 8.00000000 9.00000000E+000
1.00000000 9.00000000 1.00000000E+001
1.00000000 10.00000000 1.10000000E+001
1.00000000 11.00000000 1.20000000E+001
2.00000000 1.00000000 3.00000000E+000
2.00000000 2.00000000 4.00000000E+000
2.00000000 3.00000000 5.00000000E+000
2.00000000 4.00000000 6.00000000E+000
2.00000000 5.00000000 7.00000000E+000
2.00000000 6.00000000 8.00000000E+000
2.00000000 7.00000000 9.00000000E+000
2.00000000 8.00000000 1.00000000E+001
2.00000000 9.00000000 1.10000000E+001
2.00000000 10.00000000 1.20000000E+001
2.00000000 11.00000000 1.30000000E+001
3.00000000 1.00000000 4.00000000E+000
3.00000000 2.00000000 5.00000000E+000
3.00000000 3.00000000 6.00000000E+000
3.00000000 4.00000000 7.00000000E+000
3.00000000 5.00000000 8.00000000E+000
3.00000000 6.00000000 9.00000000E+000
3.00000000 7.00000000 1.00000000E+001
3.00000000 8.00000000 1.10000000E+001
3.00000000 9.00000000 1.20000000E+001
3.00000000 10.00000000 1.30000000E+001
3.00000000 11.00000000 1.40000000E+001
4.00000000 1.00000000 5.00000000E+000
4.00000000 2.00000000 6.00000000E+000
4.00000000 3.00000000 7.00000000E+000
4.00000000 4.00000000 8.00000000E+000
4.00000000 5.00000000 9.00000000E+000
4.00000000 6.00000000 1.00000000E+001
4.00000000 7.00000000 1.10000000E+001
4.00000000 8.00000000 1.20000000E+001
4.00000000 9.00000000 1.30000000E+001
4.00000000 10.00000000 1.40000000E+001
4.00000000 11.00000000 1.50000000E+001
5.00000000 1.00000000 6.00000000E+000
5.00000000 2.00000000 7.00000000E+000
5.00000000 3.00000000 8.00000000E+000
5.00000000 4.00000000 9.00000000E+000
5.00000000 5.00000000 1.00000000E+001
5.00000000 6.00000000 1.10000000E+001
5.00000000 7.00000000 1.20000000E+001
5.00000000 8.00000000 1.30000000E+001
5.00000000 9.00000000 1.40000000E+001
5.00000000 10.00000000 1.50000000E+001
5.00000000 11.00000000 1.60000000E+001
6.00000000 1.00000000 7.00000000E+000
6.00000000 2.00000000 8.00000000E+000
6.00000000 3.00000000 9.00000000E+000
6.00000000 4.00000000 1.00000000E+001
6.00000000 5.00000000 1.10000000E+001
6.00000000 6.00000000 1.20000000E+001
6.00000000 7.00000000 1.30000000E+001
6.00000000 8.00000000 1.40000000E+001
6.00000000 9.00000000 1.50000000E+001
6.00000000 10.00000000 1.60000000E+001
6.00000000 11.00000000 1.70000000E+001
7.00000000 1.00000000 8.00000000E+000
7.00000000 2.00000000 9.00000000E+000
7.00000000 3.00000000 1.00000000E+001
7.00000000 4.00000000 1.10000000E+001
7.00000000 5.00000000 1.20000000E+001
7.00000000 6.00000000 1.30000000E+001
7.00000000 7.00000000 1.40000000E+001
7.00000000 8.00000000 1.50000000E+001
7.00000000 9.00000000 1.60000000E+001
7.00000000 10.00000000 1.70000000E+001
7.00000000 11.00000000 1.80000000E+001
8.00000000 1.00000000 9.00000000E+000
8.00000000 2.00000000 1.00000000E+001
8.00000000 3.00000000 1.10000000E+001
8.00000000 4.00000000 1.20000000E+001
8.00000000 5.00000000 1.30000000E+001
8.00000000 6.00000000 1.40000000E+001
8.00000000 7.00000000 1.50000000E+001
8.00000000 8.00000000 1.60000000E+001
8.00000000 9.00000000 1.70000000E+001
8.00000000 10.00000000 1.80000000E+001
8.00000000 11.00000000 1.90000000E+001
9.00000000 1.00000000 1.00000000E+001
9.00000000 2.00000000 1.10000000E+001
9.00000000 3.00000000 1.20000000E+001
9.00000000 4.00000000 1.30000000E+001
9.00000000 5.00000000 1.40000000E+001
9.00000000 6.00000000 1.50000000E+001
9.00000000 7.00000000 1.60000000E+001
9.00000000 8.00000000 1.70000000E+001
9.00000000 9.00000000 1.80000000E+001
9.00000000 10.00000000 1.90000000E+001
9.00000000 11.00000000 2.00000000E+001
10.00000000 1.00000000 1.10000000E+001
10.00000000 2.00000000 1.20000000E+001
10.00000000 3.00000000 1.30000000E+001
10.00000000 4.00000000 1.40000000E+001
10.00000000 5.00000000 1.50000000E+001
10.00000000 6.00000000 1.60000000E+001
10.00000000 7.00000000 1.70000000E+001
10.00000000 8.00000000 1.80000000E+001
10.00000000 9.00000000 1.90000000E+001
10.00000000 10.00000000 2.00000000E+001
10.00000000 11.00000000 2.10000000E+001
11.00000000 1.00000000 1.20000000E+001
11.00000000 2.00000000 1.30000000E+001
11.00000000 3.00000000 1.40000000E+001
11.00000000 4.00000000 1.50000000E+001
11.00000000 5.00000000 1.60000000E+001
11.00000000 6.00000000 1.70000000E+001
11.00000000 7.00000000 1.80000000E+001
11.00000000 8.00000000 1.90000000E+001
11.00000000 9.00000000 2.00000000E+001
11.00000000 10.00000000 2.10000000E+001
11.00000000 11.00000000 2.20000000E+001
