1.00000000 1.00000000 2.00000000E+000
2.51427778 1.00000000 3.51427778E+000
3.40000000 1.00000000 4.40000000E+000
4.26666667 1.00000000 5.26666667E+000
5.13333333 1.00000000 6.13333333E+000
6.00000000 1.00000000 7.00000000E+000
6.86666667 1.00000000 7.86666667E+000
7.73333333 1.00000000 8.73333333E+000
8.60000000 1.00000000 9.60000000E+000
9.48572222 1.00000000 1.04857222E+001
11.00000000 1.00000000 1.20000000E+001
1.00000000 2.51427778 3.51427778E+000
2.51427778 2.51427778 5.02855556E+000
3.40000000 2.51427778 5.91427778E+000
4.26666667 2.51427778 6.78094444E+000
5.13333333 2.51427778 7.64761111E+000
6.00000000 2.51427778 8.51427778E+000
6.86666667 2.51427778 9.38094444E+000
7.73333333 2.51427778 1.02476111E+001
8.60000000 2.51427778 1.11142778E+001
9.48572222 2.51427778 1.20000000E+001
11.00000000 2.51427778 1.35142778E+001
1.00000000 3.40000000 4.40000000E+000
2.51427778 3.40000000 5.91427778E+000
3.40000000 3.40000000 6.80000000E+000
4.26666667 3.40000000 7.66666667E+000
5.13333333 3.40000000 8.53333333E+000
6.00000000 3.40000000 9.40000000E+000
6.86666667 3.40000000 1.02666667E+001
7.73333333 3.40000000 1.11333333E+001
8.60000000 3.40000000 1.20000000E+001
9.48572222 3.40000000 1.28857222E+001
11.00000000 3.40000000 1.44000000E+001
1.00000000 4.26666667 5.26666667E+000
2.51427778 4.26666667 6.78094444E+000
3.40000000 4.26666667 7.66666667E+000
4.26666667 4.26666667 8.53333333E+000
5.13333333 4.26666667 9.40000000E+000
6.00000000 4.26666667 1.02666667E+001
6.86666667 4.26666667 1.11333333E+001
7.73333333 4.26666667 1.20000000E+001
8.60000000 4.26666667 1.28666667E+001
9.48572222 4.26666667 1.37523889E+001
11.00000000 4.26666667 1.52666667E+001
1.00000000 5.13333333 6.13333333E+000
2.51427778 5.13333333 7.64761111E+000
3.40000000 5.13333333 8.53333333E+000
4.26666667 5.13333333 9.40000000E+000
5.13333333 5.13333333 1.02666667E+001
6.00000000 5.13333333 1.11333333E+001
6.86666667 5.13333333 1.20000000E+001
7.73333333 5.13333333 1.28666667E+001
8.60000000 5.13333333 1.37333333E+001
9.48572222 5.13333333 1.46190556E+001
11.00000000 5.13333333 1.61333333E+001
1.00000000 6.00000000 7.00000000E+000
2.51427778 6.00000000 8.51427778E+000
3.40000000 6.00000000 9.40000000E+000
4.26666667 6.00000000 1.02666667E+001
5.13333333 6.00000000 1.11333333E+001
6.00000000 6.00000000 1.20000000E+001
6.86666667 6.00000000 1.28666667E+001
7.73333333 6.00000000 1.37333333E+001
8.60000000 6.00000000 1.46000000E+001
9.48572222 6.00000000 1.54857222E+001
11.00000000 6.00000000 1.70000000E+001
1.00000000 6.86666667 7.86666667E+000
2.51427778 6.86666667 9.38094444E+000
3.40000000 6.86666667 1.02666667E+001
4.26666667 6.86666667 1.11333333E+001
5.13333333 6.86666667 1.20000000E+001
6.00000000 6.86666667 1.28666667E+001
6.86666667 6.86666667 1.37333333E+001
7.73333333 6.86666667 1.46000000E+001
8.60000000 6.86666667 1.54666667E+001
9.48572222 6.86666667 1.63523889E+001
11.00000000 6.86666667 1.78666667E+001
1.00000000 7.73333333 8.73333333E+000
2.51427778 7.73333333 1.02476111E+001
3.40000000 7.73333333 1.11333333E+001
4.26666667 7.73333333 1.20000000E+001
5.13333333 7.73333333 1.28666667E+001
6.00000000 7.73333333 1.37333333E+001
6.86666667 7.73333333 1.46000000E+001
7.73333333 7.73333333 1.54666667E+001
8.60000000 7.73333333 1.63333333E+001
9.48572222 7.73333333 1.72190556E+001
11.00000000 7.73333333 1.87333333E+001
1.00000000 8.60000000 9.60000000E+000
2.51427778 8.60000000 1.11142778E+001
3.40000000 8.60000000 1.20000000E+001
4.26666667 8.60000000 1.28666667E+001
5.13333333 8.60000000 1.37333333E+001
6.00000000 8.60000000 1.46000000E+001
6.86666667 8.60000000 1.54666667E+001
7.73333333 8.60000000 1.63333333E+001
8.60000000 8.60000000 1.72000000E+001
9.48572222 8.60000000 1.80857222E+001
11.00000000 8.60000000 1.96000000E+001
1.00000000 9.48572222 1.04857222E+001
2.51427778 9.48572222 1.20000000E+001
3.40000000 9.48572222 1.28857222E+001
4.26666667 9.48572222 1.37523889E+001
5.13333333 9.48572222 1.46190556E+001
6.00000000 9.48572222 1.54857222E+001
6.86666667 9.48572222 1.63523889E+001
7.73333333 9.48572222 1.72190556E+001
8.60000000 9.48572222 1.80857222E+001
9.48572222 9.48572222 1.89714444E+001
11.00000000 9.48572222 2.04857222E+001
1.00000000 11.00000000 1.20000000E+001
2.51427778 11.00000000 1.35142778E+001
3.40000000 11.00000000 1.44000000E+001
4.26666667 11.00000000 1.52666667E+001
5.13333333 11.00000000 1.61333333E+001
6.00000000 11.00000000 1.70000000E+001
6.86666667 11.00000000 1.78666667E+001
7.73333333 11.00000000 1.87333333E+001
8.60000000 11.00000000 1.96000000E+001
9.48572222 11.00000000 2.04857222E+001
11.00000000 11.00000000 2.20000000E+001
