1.00000000 1.00000000 5.43656366E+000
1.00000000 2.00000000 1.01073379E+001
1.00000000 3.00000000 2.28038188E+001
1.00000000 4.00000000 5.73164319E+001
1.00000000 5.00000000 1.51131441E+002
1.00000000 6.00000000 4.06147075E+002
1.00000000 7.00000000 1.09935144E+003
1.00000000 8.00000000 2.98367627E+003
1.00000000 9.00000000 8.10580221E+003
1.00000000 10.00000000 2.20291841E+004
1.00000000 11.00000000 5.98768600E+004
2.00000000 1.00000000 1.01073379E+001
2.00000000 2.00000000 1.47781122E+001
2.00000000 3.00000000 2.74745930E+001
2.00000000 4.00000000 6.19872061E+001
2.00000000 5.00000000 1.55802215E+002
2.00000000 6.00000000 4.10817850E+002
2.00000000 7.00000000 1.10402221E+003
2.00000000 8.00000000 2.98834704E+003
2.00000000 9.00000000 8.11047298E+003
2.00000000 10.00000000 2.20338549E+004
2.00000000 11.00000000 5.98815308E+004
3.00000000 1.00000000 2.28038188E+001
3.00000000 2.00000000 2.74745930E+001
3.00000000 3.00000000 4.01710738E+001
3.00000000 4.00000000 7.46836870E+001
3.00000000 5.00000000 1.68498696E+002
3.00000000 6.00000000 4.23514330E+002
3.00000000 7.00000000 1.11671870E+003
3.00000000 8.00000000 3.00104352E+003
3.00000000 9.00000000 8.12316946E+003
3.00000000 10.00000000 2.20465513E+004
3.00000000 11.00000000 5.98942273E+004
4.00000000 1.00000000 5.73164319E+001
4.00000000 2.00000000 6.19872061E+001
4.00000000 3.00000000 7.46836870E+001
4.00000000 4.00000000 1.09196300E+002
4.00000000 5.00000000 2.03011309E+002
4.00000000 6.00000000 4.58026944E+002
4.00000000 7.00000000 1.15123131E+003
4.00000000 8.00000000 3.03555614E+003
4.00000000 9.00000000 8.15768208E+003
4.00000000 10.00000000 2.20810639E+004
4.00000000 11.00000000 5.99287399E+004
5.00000000 1.00000000 1.51131441E+002
5.00000000 2.00000000 1.55802215E+002
5.00000000 3.00000000 1.68498696E+002
5.00000000 4.00000000 2.03011309E+002
5.00000000 5.00000000 2.96826318E+002
5.00000000 6.00000000 5.51841953E+002
5.00000000 7.00000000 1.24504632E+003
5.00000000 8.00000000 3.12937115E+003
5.00000000 9.00000000 8.25149709E+003
5.00000000 10.00000000 2.21748790E+004
5.00000000 11.00000000 6.00225549E+004
6.00000000 1.00000000 4.06147075E+002
6.00000000 2.00000000 4.10817850E+002
6.00000000 3.00000000 4.23514330E+002
6.00000000 4.00000000 4.58026944E+002
6.00000000 5.00000000 5.51841953E+002
6.00000000 6.00000000 8.06857587E+002
6.00000000 7.00000000 1.50006195E+003
6.00000000 8.00000000 3.38438678E+003
6.00000000 9.00000000 8.50651272E+003
6.00000000 10.00000000 2.24298946E+004
6.00000000 11.00000000 6.02775705E+004
7.00000000 1.00000000 1.09935144E+003
7.00000000 2.00000000 1.10402221E+003
7.00000000 3.00000000 1.11671870E+003
7.00000000 4.00000000 1.15123131E+003
7.00000000 5.00000000 1.24504632E+003
7.00000000 6.00000000 1.50006195E+003
7.00000000 7.00000000 2.19326632E+003
7.00000000 8.00000000 4.07759115E+003
7.00000000 9.00000000 9.19971709E+003
7.00000000 10.00000000 2.31230990E+004
7.00000000 11.00000000 6.09707749E+004
8.00000000 1.00000000 2.98367627E+003
8.00000000 2.00000000 2.98834704E+003
8.00000000 3.00000000 3.00104352E+003
8.00000000 4.00000000 3.03555614E+003
8.00000000 5.00000000 3.12937115E+003
8.00000000 6.00000000 3.38438678E+003
8.00000000 7.00000000 4.07759115E+003
8.00000000 8.00000000 5.96191597E+003
8.00000000 9.00000000 1.10840419E+004
8.00000000 10.00000000 2.50074238E+004
8.00000000 11.00000000 6.28550997E+004
9.00000000 1.00000000 8.10580221E+003
9.00000000 2.00000000 8.11047298E+003
9.00000000 3.00000000 8.12316946E+003
9.00000000 4.00000000 8.15768208E+003
9.00000000 5.00000000 8.25149709E+003
9.00000000 6.00000000 8.50651272E+003
9.00000000 7.00000000 9.19971709E+003
9.00000000 8.00000000 1.10840419E+004
9.00000000 9.00000000 1.62061679E+004
9.00000000 10.00000000 3.01295497E+004
9.00000000 11.00000000 6.79772256E+004
10.00000000 1.00000000 2.20291841E+004
10.00000000 2.00000000 2.20338549E+004
10.00000000 3.00000000 2.20465513E+004
10.00000000 4.00000000 2.20810639E+004
10.00000000 5.00000000 2.21748790E+004
10.00000000 6.00000000 2.24298946E+004
10.00000000 7.00000000 2.31230990E+004
10.00000000 8.00000000 2.50074238E+004
10.00000000 9.00000000 3.01295497E+004
10.00000000 10.00000000 4.40529316E+004
10.00000000 11.00000000 8.19006075E+004
11.00000000 1.00000000 5.98768600E+004
11.00000000 2.00000000 5.98815308E+004
11.00000000 3.00000000 5.98942273E+004
11.00000000 4.00000000 5.99287399E+004
11.00000000 5.00000000 6.00225549E+004
11.00000000 6.00000000 6.02775705E+004
11.00000000 7.00000000 6.09707749E+004
11.00000000 8.00000000 6.28550997E+004
11.00000000 9.00000000 6.79772256E+004
11.00000000 10.00000000 8.19006075E+004
11.00000000 11.00000000 1.19748283E+005
