1.00000000 1.00000000 5.43656366E+000
2.51427778 1.00000000 1.69317057E+001
3.40000000 1.00000000 3.74756297E+001
4.26666667 1.00000000 8.67155558E+001
5.13333333 1.00000000 1.94498801E+002
6.00000000 1.00000000 4.85264485E+002
6.86666667 1.00000000 1.07488046E+003
7.73333333 1.00000000 2.72042717E+003
8.60000000 1.00000000 6.15839216E+003
9.48572222 1.00000000 1.55789380E+004
11.00000000 1.00000000 5.98768600E+004
1.00000000 2.51427778 1.69317057E+001
2.51427778 2.51427778 2.84268478E+001
3.40000000 2.51427778 4.89707717E+001
4.26666667 2.51427778 9.82106978E+001
5.13333333 2.51427778 2.05993943E+002
6.00000000 2.51427778 4.96759627E+002
6.86666667 2.51427778 1.08637560E+003
7.73333333 2.51427778 2.73192232E+003
8.60000000 2.51427778 6.16988730E+003
9.48572222 2.51427778 1.55904332E+004
11.00000000 2.51427778 5.98883551E+004
1.00000000 3.40000000 3.74756297E+001
2.51427778 3.40000000 4.89707717E+001
3.40000000 3.40000000 6.95146957E+001
4.26666667 3.40000000 1.18754622E+002
5.13333333 3.40000000 2.26537867E+002
6.00000000 3.40000000 5.17303551E+002
6.86666667 3.40000000 1.10691953E+003
7.73333333 3.40000000 2.75246624E+003
8.60000000 3.40000000 6.19043122E+003
9.48572222 3.40000000 1.56109771E+004
11.00000000 3.40000000 5.99088991E+004
1.00000000 4.26666667 8.67155558E+001
2.51427778 4.26666667 9.82106978E+001
3.40000000 4.26666667 1.18754622E+002
4.26666667 4.26666667 1.67994548E+002
5.13333333 4.26666667 2.75777793E+002
6.00000000 4.26666667 5.66543477E+002
6.86666667 4.26666667 1.15615945E+003
7.73333333 4.26666667 2.80170617E+003
8.60000000 4.26666667 6.23967115E+003
9.48572222 4.26666667 1.56602170E+004
11.00000000 4.26666667 5.99581390E+004
1.00000000 5.13333333 1.94498801E+002
2.51427778 5.13333333 2.05993943E+002
3.40000000 5.13333333 2.26537867E+002
4.26666667 5.13333333 2.75777793E+002
5.13333333 5.13333333 3.83561037E+002
6.00000000 5.13333333 6.74326722E+002
6.86666667 5.13333333 1.26394270E+003
7.73333333 5.13333333 2.90948941E+003
8.60000000 5.13333333 6.34745439E+003
9.48572222 5.13333333 1.57680003E+004
11.00000000 5.13333333 6.00659222E+004
1.00000000 6.00000000 4.85264485E+002
2.51427778 6.00000000 4.96759627E+002
3.40000000 6.00000000 5.17303551E+002
4.26666667 6.00000000 5.66543477E+002
5.13333333 6.00000000 6.74326722E+002
6.00000000 6.00000000 9.65092406E+002
6.86666667 6.00000000 1.55470838E+003
7.73333333 6.00000000 3.20025510E+003
8.60000000 6.00000000 6.63822008E+003
9.48572222 6.00000000 1.60587660E+004
11.00000000 6.00000000 6.03566879E+004
1.00000000 6.86666667 1.07488046E+003
2.51427778 6.86666667 1.08637560E+003
3.40000000 6.86666667 1.10691953E+003
4.26666667 6.86666667 1.15615945E+003
5.13333333 6.86666667 1.26394270E+003
6.00000000 6.86666667 1.55470838E+003
6.86666667 6.86666667 2.14432436E+003
7.73333333 6.86666667 3.78987107E+003
8.60000000 6.86666667 7.22783605E+003
9.48572222 6.86666667 1.66483819E+004
11.00000000 6.86666667 6.09463039E+004
1.00000000 7.73333333 2.72042717E+003
2.51427778 7.73333333 2.73192232E+003
3.40000000 7.73333333 2.75246624E+003
4.26666667 7.73333333 2.80170617E+003
5.13333333 7.73333333 2.90948941E+003
6.00000000 7.73333333 3.20025510E+003
6.86666667 7.73333333 3.78987107E+003
7.73333333 7.73333333 5.43541779E+003
8.60000000 7.73333333 8.87338277E+003
9.48572222 7.73333333 1.82939286E+004
11.00000000 7.73333333 6.25918506E+004
1.00000000 8.60000000 6.15839216E+003
2.51427778 8.60000000 6.16988730E+003
3.40000000 8.60000000 6.19043122E+003
4.26666667 8.60000000 6.23967115E+003
5.13333333 8.60000000 6.34745439E+003
6.00000000 8.60000000 6.63822008E+003
6.86666667 8.60000000 7.22783605E+003
7.73333333 8.60000000 8.87338277E+003
8.60000000 8.60000000 1.23113477E+004
9.48572222 8.60000000 2.17318936E+004
11.00000000 8.60000000 6.60298156E+004
1.00000000 9.48572222 1.55789380E+004
2.51427778 9.48572222 1.55904332E+004
3.40000000 9.48572222 1.56109771E+004
4.26666667 9.48572222 1.56602170E+004
5.13333333 9.48572222 1.57680003E+004
6.00000000 9.48572222 1.60587660E+004
6.86666667 9.48572222 1.66483819E+004
7.73333333 9.48572222 1.82939286E+004
8.60000000 9.48572222 2.17318936E+004
9.48572222 9.48572222 3.11524395E+004
11.00000000 9.48572222 7.54503615E+004
1.00000000 11.00000000 5.98768600E+004
2.51427778 11.00000000 5.98883551E+004
3.40000000 11.00000000 5.99088991E+004
4.26666667 11.00000000 5.99581390E+004
5.13333333 11.00000000 6.00659222E+004
6.00000000 11.00000000 6.03566879E+004
6.86666667 11.00000000 6.09463039E+004
7.73333333 11.00000000 6.25918506E+004
8.60000000 11.00000000 6.60298156E+004
9.48572222 11.00000000 7.54503615E+004
11.00000000 11.00000000 1.19748283E+005
