1.00000000 1.00000000 4.54648713E-001
2.51427778 1.00000000 2.64724269E-001
3.40000000 1.00000000 -1.13799561E-001
4.26666667 1.00000000 -4.10245973E-001
5.13333333 1.00000000 -4.41996434E-001
6.00000000 1.00000000 -1.25907717E-001
6.86666667 1.00000000 2.69008165E-001
7.73333333 1.00000000 4.50350417E-001
8.60000000 1.00000000 3.40068786E-001
9.48572222 1.00000000 -2.11473909E-002
11.00000000 1.00000000 -5.40297014E-001
1.00000000 2.51427778 -5.87006996E-001
2.51427778 2.51427778 -3.41791351E-001
3.40000000 2.51427778 1.46929127E-001
4.26666667 2.51427778 5.29677636E-001
5.13333333 2.51427778 5.70671358E-001
6.00000000 2.51427778 1.62562235E-001
6.86666667 2.51427778 -3.47322383E-001
7.73333333 2.51427778 -5.81457371E-001
8.60000000 2.51427778 -4.39070321E-001
9.48572222 2.51427778 2.73038635E-002
11.00000000 2.51427778 6.97589409E-001
1.00000000 3.40000000 -7.08324163E-001
2.51427778 3.40000000 -4.12429621E-001
3.40000000 3.40000000 1.77295077E-001
4.26666667 3.40000000 6.39146503E-001
5.13333333 3.40000000 6.88612427E-001
6.00000000 3.40000000 1.96159091E-001
6.86666667 3.40000000 -4.19103755E-001
7.73333333 3.40000000 -7.01627593E-001
8.60000000 3.40000000 -5.29813307E-001
9.48572222 3.40000000 3.29467730E-002
11.00000000 3.40000000 8.41760725E-001
1.00000000 4.26666667 -3.02333260E-001
2.51427778 4.26666667 -1.76036903E-001
3.40000000 4.26666667 7.56746719E-002
4.26666667 4.26666667 2.72806231E-001
5.13333333 4.26666667 2.93919720E-001
6.00000000 4.26666667 8.37263791E-002
6.86666667 4.26666667 -1.78885616E-001
7.73333333 4.26666667 -2.99474970E-001
8.60000000 4.26666667 -2.26139658E-001
9.48572222 4.26666667 1.40626366E-002
11.00000000 4.26666667 3.59287847E-001
1.00000000 5.13333333 3.01780466E-001
2.51427778 5.13333333 1.75715032E-001
3.40000000 5.13333333 -7.55363066E-002
4.26666667 5.13333333 -2.72307426E-001
5.13333333 5.13333333 -2.93382310E-001
6.00000000 5.13333333 -8.35732918E-002
6.86666667 5.13333333 1.78558538E-001
7.73333333 5.13333333 2.98927402E-001
8.60000000 5.13333333 2.25726179E-001
9.48572222 5.13333333 -1.40369241E-002
11.00000000 5.13333333 -3.58630917E-001
1.00000000 6.00000000 6.73833263E-001
2.51427778 6.00000000 3.92346911E-001
3.40000000 6.00000000 -1.68661930E-001
4.26666667 6.00000000 -6.08024116E-001
5.13333333 6.00000000 -6.55081364E-001
6.00000000 6.00000000 -1.86607386E-001
6.86666667 6.00000000 3.98696057E-001
7.73333333 6.00000000 6.67462773E-001
8.60000000 6.00000000 5.04014754E-001
9.48572222 6.00000000 -3.13424739E-002
11.00000000 6.00000000 -8.00772309E-001
1.00000000 6.86666667 6.24018622E-001
2.51427778 6.86666667 3.63341782E-001
3.40000000 6.86666667 -1.56193217E-001
4.26666667 6.86666667 -5.63074565E-001
5.13333333 6.86666667 -6.06652999E-001
6.00000000 6.86666667 -1.72812015E-001
6.86666667 6.86666667 3.69221553E-001
7.73333333 6.86666667 6.18119085E-001
8.60000000 6.86666667 4.66754329E-001
9.48572222 6.86666667 -2.90254109E-002
11.00000000 6.86666667 -7.41573413E-001
1.00000000 7.73333333 8.77021832E-002
2.51427778 7.73333333 5.10655715E-002
3.40000000 7.73333333 -2.19520471E-002
4.26666667 7.73333333 -7.91368509E-002
5.13333333 7.73333333 -8.52615460E-002
6.00000000 7.73333333 -2.42877223E-002
6.86666667 7.73333333 5.18919391E-002
7.73333333 7.73333333 8.68730376E-002
8.60000000 7.73333333 6.55996027E-002
9.48572222 7.73333333 -4.07935247E-003
11.00000000 7.73333333 -1.04223825E-001
1.00000000 8.60000000 -5.02624088E-001
2.51427778 8.60000000 -2.92658465E-001
3.40000000 8.60000000 1.25807902E-001
4.26666667 8.60000000 4.53535888E-001
5.13333333 8.60000000 4.88636717E-001
6.00000000 8.60000000 1.39193733E-001
6.86666667 8.60000000 -2.97394405E-001
7.73333333 8.60000000 -4.97872228E-001
8.60000000 8.60000000 -3.75953475E-001
9.48572222 8.60000000 2.33789028E-002
11.00000000 8.60000000 5.97310157E-001
1.00000000 9.48572222 -7.16568403E-001
2.51427778 9.48572222 -4.17229922E-001
3.40000000 9.48572222 1.79358629E-001
4.26666667 9.48572222 6.46585579E-001
5.13333333 9.48572222 6.96627241E-001
6.00000000 9.48572222 1.98442202E-001
6.86666667 9.48572222 -4.23981737E-001
7.73333333 9.48572222 -7.09793891E-001
8.60000000 9.48572222 -5.35979845E-001
9.48572222 9.48572222 3.33302431E-002
11.00000000 9.48572222 8.51558044E-001
1.00000000 11.00000000 3.72409644E-003
2.51427778 11.00000000 2.16839657E-003
3.40000000 11.00000000 -9.32149434E-004
4.26666667 11.00000000 -3.36038687E-003
5.13333333 11.00000000 -3.62045971E-003
6.00000000 11.00000000 -1.03132917E-003
6.86666667 11.00000000 2.20348660E-003
7.73333333 11.00000000 3.68888845E-003
8.60000000 11.00000000 2.78555491E-003
9.48572222 11.00000000 -1.73221481E-004
11.00000000 11.00000000 -4.42565465E-003
