1.00000000 1.00000000 4.54648713E-001
2.51427778 1.00000000 3.17142856E-001
3.40000000 1.00000000 -1.38069447E-001
4.26666667 1.00000000 -4.87514503E-001
5.13333333 1.00000000 -4.93135786E-001
6.00000000 1.00000000 -1.50968838E-001
6.86666667 1.00000000 2.97670174E-001
7.73333333 1.00000000 5.36374750E-001
8.60000000 1.00000000 3.96796445E-001
9.48572222 1.00000000 -3.29079450E-002
11.00000000 1.00000000 -5.40297014E-001
1.00000000 2.51427778 -6.81260396E-001
2.51427778 2.51427778 -4.75217154E-001
3.40000000 2.51427778 2.06887742E-001
4.26666667 2.51427778 7.30507562E-001
5.13333333 2.51427778 7.38930675E-001
6.00000000 2.51427778 2.26216609E-001
6.86666667 2.51427778 -4.46038655E-001
7.73333333 2.51427778 -8.03721343E-001
8.60000000 2.51427778 -5.94572679E-001
9.48572222 2.51427778 4.93103335E-002
11.00000000 2.51427778 8.09598592E-001
1.00000000 3.40000000 -8.13532627E-001
2.51427778 3.40000000 -5.67484419E-001
3.40000000 3.40000000 2.47056676E-001
4.26666667 3.40000000 8.72341530E-001
5.13333333 3.40000000 8.82400059E-001
6.00000000 3.40000000 2.70138399E-001
6.86666667 3.40000000 -5.32640678E-001
7.73333333 3.40000000 -9.59770360E-001
8.60000000 3.40000000 -7.10013787E-001
9.48572222 3.40000000 5.88843346E-002
11.00000000 3.40000000 9.66788724E-001
1.00000000 4.26666667 -3.62766334E-001
2.51427778 4.26666667 -2.53049768E-001
3.40000000 4.26666667 1.10166257E-001
4.26666667 4.26666667 3.88990101E-001
5.13333333 4.26666667 3.93475349E-001
6.00000000 4.26666667 1.20458742E-001
6.86666667 4.26666667 -2.37512424E-001
7.73333333 4.26666667 -4.27975921E-001
8.60000000 4.26666667 -3.16605739E-001
9.48572222 4.26666667 2.62574032E-002
11.00000000 4.26666667 4.31105514E-001
1.00000000 5.13333333 3.43844019E-001
2.51427778 5.13333333 2.39850397E-001
3.40000000 5.13333333 -1.04419857E-001
4.26666667 5.13333333 -3.68699924E-001
5.13333333 5.13333333 -3.72951216E-001
6.00000000 5.13333333 -1.14175473E-001
6.86666667 5.13333333 2.25123499E-001
7.73333333 5.13333333 4.05652198E-001
8.60000000 5.13333333 3.00091214E-001
9.48572222 5.13333333 -2.48877864E-002
11.00000000 5.13333333 -4.08618548E-001
1.00000000 6.00000000 8.07955437E-001
2.51427778 6.00000000 5.63594017E-001
3.40000000 6.00000000 -2.45362973E-001
4.26666667 6.00000000 -8.66361174E-001
5.13333333 6.00000000 -8.76350746E-001
6.00000000 6.00000000 -2.68286459E-001
6.86666667 6.00000000 5.28989148E-001
7.73333333 6.00000000 9.53190634E-001
8.60000000 6.00000000 7.05146272E-001
9.48572222 6.00000000 -5.84806518E-002
11.00000000 6.00000000 -9.60160883E-001
1.00000000 6.86666667 7.02249372E-001
2.51427778 6.86666667 4.89858136E-001
3.40000000 6.86666667 -2.13261754E-001
4.26666667 6.86666667 -7.53013796E-001
5.13333333 6.86666667 -7.61696417E-001
6.00000000 6.86666667 -2.33186125E-001
6.86666667 6.86666667 4.59780676E-001
7.73333333 6.86666667 8.28483223E-001
8.60000000 6.86666667 6.12890890E-001
9.48572222 6.86666667 -5.08295373E-002
11.00000000 6.86666667 -8.34541543E-001
1.00000000 7.73333333 1.01275931E-001
2.51427778 7.73333333 7.06456150E-002
3.40000000 7.73333333 -3.07558590E-002
4.26666667 7.73333333 -1.08596997E-001
5.13333333 7.73333333 -1.09849174E-001
6.00000000 7.73333333 -3.36292816E-002
6.86666667 7.73333333 6.63079496E-002
7.73333333 7.73333333 1.19480932E-001
8.60000000 7.73333333 8.83889653E-002
9.48572222 7.73333333 -7.33045683E-003
11.00000000 7.73333333 -1.20354642E-001
1.00000000 8.60000000 -5.71123227E-001
2.51427778 8.60000000 -3.98390330E-001
3.40000000 8.60000000 1.73440869E-001
4.26666667 8.60000000 6.12408762E-001
5.13333333 8.60000000 6.19470138E-001
6.00000000 8.60000000 1.89644900E-001
6.86666667 8.60000000 -3.73929026E-001
7.73333333 8.60000000 -6.73786308E-001
8.60000000 8.60000000 -4.98450033E-001
9.48572222 8.60000000 4.13384910E-002
11.00000000 8.60000000 6.78713400E-001
1.00000000 9.48572222 -8.39908771E-001
2.51427778 9.48572222 -5.85883251E-001
3.40000000 9.48572222 2.55066683E-001
4.26666667 9.48572222 9.00624361E-001
5.13333333 9.48572222 9.11009005E-001
6.00000000 9.48572222 2.78896756E-001
6.86666667 9.48572222 -5.49909816E-001
7.73333333 9.48572222 -9.90887786E-001
8.60000000 9.48572222 -7.33033670E-001
9.48572222 9.48572222 6.07934673E-002
11.00000000 9.48572222 9.98133698E-001
1.00000000 11.00000000 3.72409644E-003
2.51427778 11.00000000 2.59776515E-003
3.40000000 11.00000000 -1.13094774E-003
4.26666667 11.00000000 -3.99330510E-003
5.13333333 11.00000000 -4.03934988E-003
6.00000000 11.00000000 -1.23660861E-003
6.86666667 11.00000000 2.43826146E-003
7.73333333 11.00000000 4.39352678E-003
8.60000000 11.00000000 3.25021976E-003
9.48572222 11.00000000 -2.69553960E-004
11.00000000 11.00000000 -4.42565465E-003
