1.00000000 1.00000000 4.54648713E-001
1.24371028 1.24371028 2.63582896E-001
1.45728222 1.45728222 8.98095316E-002
1.64437750 1.64437750 -6.72840615E-002
1.80865778 1.80865778 -2.08965864E-001
1.95378472 1.95378472 -3.37042068E-001
2.08342000 2.08342000 -3.92194659E-001
2.20122528 2.20122528 -4.01223937E-001
2.31084800 2.31084800 -3.98635970E-001
2.41490072 2.41490072 -3.86378628E-001
2.51427778 2.51427778 -3.65760443E-001
2.60971150 2.60971150 -3.37764973E-001
2.70193422 2.70193422 -3.03082618E-001
2.79167828 2.79167828 -2.62133713E-001
2.87967600 2.87967600 -2.15086899E-001
2.96665972 2.96665972 -1.61872762E-001
3.05333333 3.05333333 -9.06253695E-002
3.14000000 3.14000000 -1.45309539E-002
3.22666667 3.22666667 5.70265218E-002
3.31333333 3.31333333 1.24047058E-001
3.40000000 3.40000000 1.86530654E-001
3.48666667 3.48666667 2.44477310E-001
3.57333333 3.57333333 2.97887026E-001
3.66000000 3.66000000 3.46759803E-001
3.74666667 3.74666667 3.91095640E-001
3.83333333 3.83333333 4.30894537E-001
3.92000000 3.92000000 4.66156494E-001
4.00666667 4.00666667 4.90822438E-001
4.09333333 4.09333333 4.39153093E-001
4.18000000 4.18000000 3.84637789E-001
4.26666667 4.26666667 3.27276526E-001
4.35333333 4.35333333 2.67069305E-001
4.44000000 4.44000000 2.04016124E-001
4.52666667 4.52666667 1.38116985E-001
4.61333333 4.61333333 6.93718874E-002
4.70000000 4.70000000 -2.21916917E-003
4.78666667 4.78666667 -7.66561845E-002
4.87333333 4.87333333 -1.53939159E-001
4.96000000 4.96000000 -2.34068091E-001
5.04666667 5.04666667 -2.92288004E-001
5.13333333 5.13333333 -3.24634111E-001
5.22000000 5.22000000 -3.50074606E-001
5.30666667 5.30666667 -3.68609487E-001
5.39333333 5.39333333 -3.80238755E-001
5.48000000 5.48000000 -3.84962410E-001
5.56666667 5.56666667 -3.82780451E-001
5.65333333 5.65333333 -3.73692879E-001
5.74000000 5.74000000 -3.57699694E-001
5.82666667 5.82666667 -3.34800896E-001
5.91333333 5.91333333 -3.04996484E-001
6.00000000 6.00000000 -2.68286459E-001
6.08666667 6.08666667 -1.86819766E-001
6.17333333 6.17333333 -1.08254612E-001
6.26000000 6.26000000 -3.25909984E-002
6.34666667 6.34666667 4.01710761E-002
6.43333333 6.43333333 1.10031611E-001
6.52000000 6.52000000 1.76990607E-001
6.60666667 6.60666667 2.41048063E-001
6.69333333 6.69333333 3.02203979E-001
6.78000000 6.78000000 3.60458357E-001
6.86666667 6.86666667 4.15811194E-001
6.95333333 6.95333333 4.68262492E-001
7.04000000 7.04000000 4.81212600E-001
7.12666667 7.12666667 4.47400280E-001
7.21333333 7.21333333 4.09097280E-001
7.30000000 7.30000000 3.66303599E-001
7.38666667 7.38666667 3.19019238E-001
7.47333333 7.47333333 2.67244197E-001
7.56000000 7.56000000 2.10978476E-001
7.64666667 7.64666667 1.50222074E-001
7.73333333 7.73333333 8.49749918E-002
7.82000000 7.82000000 1.52372293E-002
7.90666667 7.90666667 -5.89912135E-002
7.99333333 7.99333333 -1.37710337E-001
8.08000000 8.08000000 -1.95002698E-001
8.16666667 8.16666667 -2.43924237E-001
8.25333333 8.25333333 -2.86206672E-001
8.34000000 8.34000000 -3.21850002E-001
8.42666667 8.42666667 -3.50854229E-001
8.51333333 8.51333333 -3.73219350E-001
8.60000000 8.60000000 -3.88945368E-001
8.68666667 8.68666667 -3.98032281E-001
8.77333333 8.77333333 -4.00480090E-001
8.86000000 8.86000000 -3.96288794E-001
8.94666667 8.94666667 -3.85458395E-001
9.03334028 9.03334028 -3.45535138E-001
9.12032400 9.12032400 -2.68095507E-001
9.20832172 9.20832172 -1.90814029E-001
9.29806578 9.29806578 -1.13097896E-001
9.39028850 9.39028850 -3.43915133E-002
9.48572222 9.48572222 4.58213785E-002
9.58509928 9.58509928 1.28014827E-001
9.68915200 9.68915200 2.12617060E-001
9.79877472 9.79877472 3.00134247E-001
9.91658000 9.91658000 3.92338034E-001
10.04621528 10.04621528 4.52125413E-001
10.19134222 10.19134222 4.27793968E-001
10.35562250 10.35562250 3.80701879E-001
10.54271778 10.54271778 3.01785265E-001
10.75628972 10.75628972 1.78789362E-001
11.00000000 11.00000000 -4.42565465E-003
